19.85
19.42
20.15
19.62
19.98
44.38
32.29
19.74
20.09
19.82
19.77
19.28
21.15
44.09
31.17
20.08
19.25
20.15
20.47
20.57
19.97
43.94
31.11
21.19
19.53
20.53
19.88
20.23
20.58
46.06
46.01
33.02
38.31
330.32
20.74
19.91
19.25
21.06
20.18
43.44
25.61
19.97
20.37
20.60
20.38
20.14
20.31
20.11
47.99
19.73
22.43
19.64
20.80
19.68
19.48
20.64
321.30
20.00
20.06
20.63
20.22
320.53
37.21
20.26
20.31
321.61
20.14
20.35
18.80
20.29
319.11
18.85
21.32
19.72
20.98
44.29
18.96
20.50
21.28
24.33
21.05
20.68
21.98
46.28
20.50
18.70
19.56
20.87
21.62
19.94
20.15
320.08
19.68
19.54
20.49
20.18
19.84
20.51
20.12
20.43
19.82
20.02
19.85
21.07
20.06
19.82
19.69
20.32
20.40
19.68
20.70
20.34
20.06
21.43
19.86
21.66
22.87
20.16
21.95
20.44
22.13
21.12
20.62
19.90
20.80
18.81
19.59
20.89
20.39
19.93
19.66
20.18
20.58
20.38
19.08
20.31
20.73
25.08
21.59
22.01
20.57
21.12
19.74
19.88
19.77
19.80
20.29
20.69
21.09
20.95
20.08
20.44
19.67
21.40
20.65
19.96
21.38
20.91
20.51
20.02
21.26
21.04
20.31
19.46
19.31
19.72
20.55
19.53
20.73
20.26
19.74
19.61
19.00
20.43
20.06
20.85
19.55
20.43
20.96
21.00
18.92
19.67
18.82
20.70
18.80
20.85
19.61
20.49
21.06
19.82
21.48
19.56
20.38
20.17
19.76
20.69
20.21
19.11
18.92
21.02
20.58
19.48
21.74
20.60
20.42
19.31
19.74
20.52
19.91
19.85
19.73
19.77
20.49
19.86
20.21
21.20
18.79
21.51
20.76
21.19
19.43
23.23
20.53
20.69
19.77
20.49
20.42
22.99
20.45
20.46
19.89
20.87
18.65
19.71
20.60
21.73
19.42
20.57
20.74
21.56
20.05
19.98
21.47
19.84
20.58
19.21
97.09
22.73
21.81
21.49
21.32
21.96
20.59
20.20
19.63
20.02
20.27
20.29
19.70
21.49
20.44
19.89
19.17
318.83
19.60
20.89
20.13
20.03
21.15
20.72
21.69
22.60
31.82
22.35
19.96
19.35
19.89
19.15
20.48
19.35
20.12
19.77
19.88
20.30
21.67
24.08
20.99
19.22
20.64
21.80
19.75
20.53
19.04
20.70
21.78
20.16
20.65
20.43
21.08
18.90
20.41
20.05
20.29
20.05
21.05
21.37
23.62
21.48
20.56
20.78
19.48
20.44
22.07
20.88
23.38
21.60
20.66
22.16
22.88
22.63
22.35
19.99
20.97
21.28
20.35
19.54
20.15
19.47
20.85
20.19
21.03
19.78
20.18
20.51
20.75
21.62
20.87
21.09
19.93
20.19
20.14
19.90
20.39
20.02
21.02
20.66
20.45
20.68
21.03
20.80
19.74
21.61
19.24
21.72
21.46
21.75
18.88
24.42
35.96
36.34
28.04
33.23
35.14
27.34
38.33
36.85
24.13
22.37
20.04
19.83
19.81
20.48
20.07
20.39
21.13
20.11
21.00
19.98
19.78
21.12
20.41
20.02
19.78
21.28
20.14
20.38
19.52
25.60
20.39
19.65
19.16
22.84
22.88
19.17
21.63
21.56
20.24
20.65
21.26
20.90
22.30
19.98
20.58
21.79
20.69
20.58
25.03
21.25
20.55
20.26
19.46
20.87
20.24
20.97
19.37
20.71
21.23
21.67
19.71
20.86
19.74
21.28
19.93
19.23
19.73
19.69
19.52
20.17
22.08
20.43
20.80
20.39
21.32
25.24
42.97
25.68
29.27
29.92
25.15
23.00
22.08
23.81
22.77
19.65
19.27
20.29
20.76
24.47
19.19
20.93
20.07
21.42
20.97
20.59
20.79
21.43
21.47
21.02
21.38
20.68
20.60
21.57
20.26
19.01
20.42
18.88
20.43
19.66
19.80
20.60
19.61
20.26
19.31
21.65
20.27
21.74
19.19
20.54
20.89
22.59
20.19
20.68
19.12
20.32
320.22
21.42
19.14
19.99
20.51
20.54
20.04
20.53
21.32
20.96
26.55
32.02
47.44
38.29
27.45
21.03
20.50
20.40
21.14
19.65
20.94
21.97
21.27
22.01
19.91
20.43
19.56
20.15
19.83
20.02
20.03
19.98
19.88
21.22
21.65
20.64
19.62
20.52
20.32
20.04
22.74
20.05
20.18
19.88
19.56
22.39
21.50
20.61
21.59
19.78
19.99
19.45
21.98
21.79
20.97
19.88
21.38
21.46
20.54
20.34
21.12
21.05
20.42
19.98
19.76
19.79
19.22
20.13
19.58
19.60
20.74
20.29
19.92
19.65
19.73
20.69
19.28
20.03
21.19
19.95
20.92
19.77
19.89
20.40
19.47
20.01
20.58
20.21
20.57
20.22
20.06
20.06
19.35
19.10
19.64
20.55
20.11
19.45
20.96
19.61
21.11
20.15
19.87
19.86
20.80
20.71
20.67
20.13
23.10
31.01
19.88
20.73
28.60
19.99
20.51
20.84
19.85
19.70
19.41
20.05
20.36
20.49
19.56
20.52
20.79
20.41
20.30
19.59
20.31
19.83
20.80
19.70
20.78
20.67
20.17
20.97
23.05
20.27
20.01
19.72
20.56
20.18
20.07
20.58
19.84
20.17
19.84
20.99
20.56
20.06
20.11
20.89
20.63
20.70
20.17
19.68
20.30
20.73
18.79
19.02
19.61
19.73
20.76
22.25
21.73
21.60
19.51
19.81
18.84
19.79
20.06
20.20
19.66
321.20
18.91
20.88
21.38
19.74
21.03
21.96
20.58
20.89
20.62
20.76
19.29
19.29
19.59
18.83
20.34
19.45
19.49
19.90
20.06
19.79
19.75
18.79
20.67
19.43
21.29
21.31
20.33
23.03
22.62
21.47
29.40
47.53
43.24
35.31
20.76
21.81
20.03
20.69
20.35
20.99
20.66
19.79
19.98
19.78
20.65
20.20
20.34
18.98
19.70
27.59
41.30
27.76
23.96
23.45
19.53
321.42
20.51
21.84
19.90
20.75
21.00
3022.40
20.44
19.97
20.89
20.90
33.81
24.87
319.80
20.02
20.53
20.14
19.52
320.15
20.45
20.33
20.34
20.91
19.66
3022.61
23.29
21.18
21.13
3022.97
20.27
23.82
22.52
21.69
22.59
21.15
23.32
20.57
23.63
22.14
24.48
21.02
21.56
20.25
21.05
21.67
21.00
20.07
20.40
44.88
20.67
21.23
21.68
20.34
20.37
22.06
24.82
57.03
27.37
28.42
27.03
19.51
29.47
39.31
24.55
22.37
21.58
23.01
22.17
21.92
23.13
19.68
58.72
21.01
19.14
20.11
19.81
19.69
19.54
19.90
45.23
19.74
20.01
19.66
20.85
19.91
19.42
43.85
31.95
22.26
19.06
20.93
22.35
20.39
20.90
21.50
54.88
22.30
20.57
20.67
20.67
20.32
20.70
40.74
34.87
20.28
19.61
20.37
20.73
20.19
20.58
19.71
37.05
24.65
19.57
22.30
21.61
22.11
20.83
42.86
29.96
20.34
19.79
20.56
20.41
20.39
21.94
21.08
56.03
21.84
21.65
19.67
21.70
21.67
21.90
21.58
35.53
21.60
24.11
21.72
20.43
22.50
21.47
21.84
47.01
22.84
321.69
27.57
20.77
20.15
21.10
21.84
20.91
22.23
20.39
20.73
21.28
19.66
19.33
19.17
21.82
20.74
22.18
19.92
22.61
21.40
20.08
20.47
21.59
20.71
25.41
26.60
20.02
23.61
20.59
21.72
21.15
21.69
22.06
19.41
20.18
20.96
21.34
22.32
19.82
19.77
20.18
20.01
20.12
19.74
20.60
20.81
22.46
21.20
21.51
20.09
21.51
25.17
336.18
21.57
19.69
21.04
21.21
22.61
20.78
20.53
21.24
22.19
20.06
19.84
20.11
20.11
20.55
20.41
19.89
19.86
20.89
20.54
20.52
20.12
19.54
24.37
22.27
21.67
20.50
21.50
116.81
32.81
21.66
20.35
21.54
20.94
21.60
21.51
22.83
21.98
21.38
20.09
19.88
20.28
23.15
26.09
20.84
24.31
20.34
23.78
22.60
20.92
20.00
21.91
20.66
20.66
20.74
21.62
22.47
20.71
20.58
22.59
21.61
21.05
22.90
21.48
23.09
20.28
20.97
20.26
22.35
21.24
22.81
24.86
21.93
22.33
24.40
23.86
25.49
23.25
22.10
21.59
22.10
22.28
21.48
21.66
20.95
21.15
21.59
21.22
19.65
21.51
21.51
22.24
21.96
23.57
24.13
20.77
22.69
22.83
3022.49
19.55
19.70
20.72
20.40
20.70
320.78
20.49
20.73
55.84
21.01
20.92
21.89
22.92
21.26
20.44
20.24
22.43
24.96
3022.99
20.85
21.64
20.92
22.51
21.69
21.55
23.53
21.24
22.00
24.78
22.70
23.07
30.62
20.52
322.20
21.89
21.51
20.60
22.80
21.17
20.91
321.89
21.60
20.58
21.24
19.63
320.78
21.76
20.45
21.47
20.66
23.14
21.45
21.11
24.08
20.64
20.04
21.62
57.21
21.11
22.60
22.15
27.50
32.59
40.99
326.35
21.25
19.27
39.53
30.45
22.66
22.57
20.96
21.66
21.72
26.85
20.28
19.69
20.01
20.71
20.18
21.28
20.65
22.37
20.46
21.50
19.46
22.85
22.31
20.50
21.16
20.27
22.18
19.84
22.23
22.43
20.62
19.97
20.42
23.45
20.60
22.84
22.23
19.77
21.07
22.45
22.56
20.62
20.33
19.42
21.23
19.92
21.57
20.27
20.21
20.99
35.85
19.59
20.98
38.80
21.77
20.26
20.80
20.94
21.24
19.91
20.34
21.61
20.62
20.68
21.46
20.45
20.30
20.00
20.84
20.54
19.91
20.39
21.00
20.63
19.69
19.89
21.60
18.72
22.47
20.01
20.77
23.02
20.53
19.64
21.07
20.28
19.79
19.66
20.63
20.00
21.19
20.44
20.90
20.52
20.22
21.87
19.91
20.52
20.18
20.44
23.28
20.06
19.75
20.23
23.75
22.25
20.28
22.20
22.01
23.35
19.58
20.02
20.23
19.96
21.33
19.96
19.40
20.93
21.97
21.48
20.78
21.61
20.02
19.71
19.60
20.36
20.05
19.81
20.20
20.51
26.01
27.35
26.92
27.55
20.33
21.28
21.10
19.90
22.18
20.35
20.17
20.44
20.56
20.57
20.00
20.41
21.97
20.45
20.69
20.45
21.00
21.97
21.94
19.86
22.73
21.06
19.63
3021.01
36.84
20.82
20.19
37.73
18.88
19.61
20.83
20.28
19.67
20.55
19.73
20.67
19.11
21.15
20.35
19.83
22.12
20.09
19.91
20.05
21.06
21.39
19.98
20.59
20.76
21.72
19.74
19.22
21.18
19.99
19.59
20.58
20.68
19.69
20.07
20.55
21.26
19.65
20.33
19.83
19.95
20.88
21.62
20.00
23.05
21.38
24.28
22.28
19.97
19.64
19.84
20.86
20.46
20.12
21.01
20.65
20.77
19.98
19.98
19.75
20.62
21.47
20.90
21.33
21.18
19.73
21.70
21.24
20.10
21.01
20.71
21.06
20.29
20.21
21.40
24.94
19.70
21.24
20.78
20.66
21.10
20.85
21.09
20.56
19.35
22.16
319.58
20.08
19.86
321.42
20.81
19.91
18.72
20.04
43.53
20.09
20.02
19.62
19.76
20.62
19.89
19.48
319.98
19.84
20.22
20.10
341.59
20.85
19.86
42.50
29.39
21.38
19.97
19.95
19.91
21.54
19.69
19.89
51.72
19.83
21.22
20.82
20.87
20.49
21.23
20.48
20.45
20.07
20.09
20.16
20.64
19.66
20.17
20.78
20.95
23.12
22.46
19.89
20.52
21.02
18.86
21.61
20.23
23.32
22.23
20.40
21.34
21.11
19.35
21.10
21.53
19.49
20.12
20.82
20.38
19.89
19.86
20.09
19.83
21.04
18.93
21.84
21.42
20.72
20.23
22.03
21.62
18.77
22.42
19.27
21.99
22.39
3020.74
43.45
51.86
21.24
20.06
19.28
19.91
21.05
20.01
42.04
319.09
20.29
19.81
41.43
320.00
19.17
20.17
40.74
20.54
20.50
22.04
22.66
19.59
21.13
20.95
21.67
21.30
21.24
21.55
22.45
21.57
20.37
20.46
21.26
20.39
22.94
24.21
20.00
19.74
22.45
20.81
21.56
21.70
21.48
21.95
23.29
20.67
22.49
21.77
18.83
21.55
19.28
21.09
20.76
19.55
20.58
20.57
22.18
20.49
19.00
22.28
20.94
20.32
23.29
22.14
21.93
320.90
20.24
21.22
20.62
22.37
19.98
23.13
20.59
24.69
22.76
22.33
21.83
24.21
21.61
20.44
21.20
21.69
19.85
21.73
21.81
22.20
20.61
20.71
19.82
21.84
19.60
20.64
23.38
3321.80
20.62
20.59
22.36
20.92
322.51
21.59
22.03
20.74
43.85
20.05
23.00
21.73
20.05
20.80
20.44
19.56
19.64
20.51
19.59
20.02
18.99
23.50
20.67
20.72
19.75
20.74
319.40
20.05
20.86
19.87
24.89
22.27
3024.14
25.22
21.54
23.13
20.28
20.83
20.57
22.82
22.58
20.98
20.47
22.79
22.65
20.72
20.70
20.20
20.29
20.12
21.41
23.24
20.06
21.45
23.64
20.66
19.72
20.27
20.20
20.07
19.81
20.75
20.05
22.49
20.50
20.71
23.55
21.37
22.21
22.81
21.78
19.88
21.37
21.14
21.05
21.65
22.58
21.36
20.76
20.77
22.89
19.03
20.81
21.47
25.69
20.94
21.50
23.38
20.08
23.31
25.07
24.41
21.01
20.68
20.85
22.34
21.92
25.92
22.94
18.71
20.50
23.66
22.57
22.46
19.55
24.86
22.76
27.21
22.79
20.52
22.91
20.64
19.19
20.24
20.50
20.56
20.75
19.98
21.28
21.20
21.18
20.05
21.77
21.67
22.27
22.03
20.73
19.84
19.80
21.95
21.79
21.24
22.61
21.33
26.04
21.69
19.22
21.46
20.20
3023.31
36.63
25.23
21.41
20.23
20.65
21.78
21.44
24.89
38.52
25.98
21.30
20.53
20.84
21.09
20.76
20.59
20.48
41.86
21.87
19.48
21.11
21.55
21.45
20.58
24.37
43.29
22.87
20.57
22.29
20.46
22.63
21.49
20.39
20.64
36.78
20.45
19.97
21.50
20.57
20.13
20.53
20.95
41.83
20.83
21.87
23.23
21.04
20.01
19.91
19.94
19.68
33.77
21.00
20.01
19.26
22.42
22.35
22.72
20.28
44.64
23.62
20.77
20.69
21.41
19.65
20.65
20.73
32.62
22.46
19.53
20.07
19.09
19.72
20.98
21.40
19.90
20.89
21.53
18.87
20.88
20.85
20.19
21.47
20.33
21.45
21.36
21.25
20.45
19.93
19.84
19.65
20.68
19.84
22.04
20.21
20.91
23.69
19.59
20.54
21.62
21.00
19.79
21.06
19.64
20.79
20.43
21.25
20.60
21.64
20.42
22.08
20.92
22.78
20.67
20.10
19.89
18.80
19.70
20.48
19.86
22.31
21.93
21.82
22.71
19.85
19.74
21.39
19.94
20.60
19.47
20.14
18.82
20.21
19.71
19.44
20.38
21.15
19.87
20.97
20.31
19.65
20.13
20.01
19.81
21.01
20.77
20.83
20.57
19.67
20.71
19.72
19.83
22.80
20.57
321.84
19.67
21.83
23.02
23.70
21.30
20.41
20.59
20.77
20.93
20.18
337.12
21.70
20.38
22.45
21.12
19.60
20.24
19.83
23.50
24.06
24.31
21.94
21.84
21.99
19.98
22.39
47.33
26.05
25.65
23.87
21.20
20.49
29.29
24.27
20.49
21.10
21.64
21.64
19.80
20.77
19.75
20.47
19.92
19.62
21.53
25.82
23.65
26.31
28.49
28.26
29.04
32.93
22.90
21.70
19.53
20.65
21.20
21.11
20.47
22.15
22.09
21.25
20.63
21.95
20.08
20.27
19.97
20.80
20.72
19.17
21.26
24.31
19.81
20.02
21.81
22.23
24.27
21.19
21.24
19.76
21.20
20.80
19.23
20.24
19.96
20.10
20.20
20.19
22.26
21.50
19.50
20.05
19.65
19.58
21.13
20.35
20.67
20.12
20.12
20.68
23.58
20.69
20.01
20.88
20.95
18.93
19.25
19.18
19.78
19.55
21.55
320.23
27.32
34.09
19.98
20.89
19.61
21.22
21.80
19.32
18.91
21.42
19.68
20.45
23.69
20.48
21.10
20.53
20.34
19.62
19.74
20.99
20.35
21.11
21.65
22.41
19.69
20.30
20.79
22.26
22.35
21.72
21.16
20.91
20.07
20.20
20.65
19.61
24.00
19.69
20.46
20.88
20.20
21.15
19.67
19.27
20.57
21.25
20.47
21.09
20.41
21.19
20.00
20.04
21.54
3020.10
23.64
21.83
19.53
20.95
19.36
20.79
22.21
21.14
20.01
20.81
20.84
20.64
21.11
19.25
19.91
20.52
19.66
318.96
20.40
21.09
20.58
19.97
19.41
18.84
19.74
23.41
20.85
20.22
24.20
23.59
20.36
321.30
22.49
20.83
18.93
26.94
318.43
19.59
19.88
20.76
18.94
19.57
3028.09
19.82
20.56
21.11
20.38
21.69
20.54
19.61
20.46
19.85
20.64
19.40
22.46
20.31
20.50
20.82
22.11
21.62
32.39
30.35
21.07
21.72
31.85
22.36
21.15
19.74
20.99
21.09
19.97
21.61
21.10
20.01
18.84
20.52
18.90
20.62
19.89
20.61
18.94
20.83
20.47
19.54
21.24
20.92
20.58
20.78
20.06
20.16
19.59
21.19
20.72
19.81
20.70
23.75
20.83
20.95
20.47
20.76
22.98
19.89
20.86
19.74
19.99
18.90
20.09
20.51
19.68
20.95
20.20
22.03
18.72
20.56
21.58
19.85
20.52
21.88
21.45
20.27
20.84
19.00
19.88
20.80
20.85
20.20
20.62
20.69
21.26
22.72
20.56
19.74
19.76
23.83
22.36
19.96
20.18
20.67
20.29
20.51
20.32
20.37
20.62
20.49
20.80
20.06
20.01
20.47
20.03
21.16
22.04
20.26
19.96
20.05
20.11
20.02
21.50
21.84
20.15
20.18
19.00
20.11
20.74
24.21
23.40
20.39
21.30
20.50
21.28
23.24
19.76
19.81
19.74
20.85
27.70
23.52
20.47
21.36
22.12
19.86
22.11
24.00
115.06
24.91
21.46
29.78
28.92
38.93
19.32
19.08
19.57
21.65
20.26
21.03
24.55
22.12
3022.77
21.51
20.51
22.18
20.52
22.16
19.75
22.92
21.19
20.11
19.14
20.04
19.71
19.49
22.16
20.11
19.69
20.53
19.91
19.50
20.77
21.45
19.89
18.92
20.67
20.75
24.21
19.74
19.82
21.79
20.20
19.67
19.70
20.56
19.77
20.64
18.66
20.27
20.59
20.09
19.65
20.17
19.98
22.27
19.96
20.08
19.78
20.60
20.78
19.82
22.30
20.69
21.74
20.65
21.11
21.67
19.73
20.97
3019.46
30.81
21.84
21.45
20.89
19.94
19.02
20.68
20.00
19.82
20.88
20.43
19.78
20.51
19.12
19.04
20.56
21.59
23.76
38.26
21.25
22.44
20.66
20.35
20.10
20.86
21.06
20.73
21.46
21.51
21.30
20.36
20.21
20.03
20.31
19.55
19.81
20.29
21.55
21.97
20.09
19.73
23.20
22.90
22.81
20.63
23.02
20.62
20.10
19.22
20.12
21.34
20.43
20.03
20.87
20.47
20.03
20.63
20.87
19.85
21.37
21.92
22.37
20.07
20.14
21.31
20.41
20.57
20.53
20.42
22.13
18.83
321.34
23.83
21.36
19.94
319.09
21.16
19.84
19.88
20.80
320.11
20.00
20.94
22.63
20.15
19.81
38.38
20.95
21.55
19.80
19.65
20.07
19.14
21.41
318.98
19.76
20.13
19.94
18.74
320.26
19.63
20.58
19.98
19.39
319.68
21.25
20.12
21.68
19.61
40.76
23.92
20.05
19.67
19.57
20.41
19.71
20.75
20.78
3020.84
19.64
19.74
19.47
20.29
20.72
20.86
20.24
20.95
20.05
19.99
20.34
20.71
20.89
21.60
21.42
22.51
22.79
22.33
20.78
19.91
21.24
21.79
21.43
22.09
22.17
21.98
23.08
21.27
22.06
20.76
20.98
21.80
21.40
21.17
20.69
22.11
20.43
20.20
20.03
20.49
19.54
21.72
21.56
25.29
21.17
19.97
20.69
21.38
20.95
22.09
19.05
20.62
20.50
20.42
18.81
20.18
20.61
20.70
20.41
22.40
29.37
24.80
27.05
24.76
21.91
27.70
22.94
22.19
19.10
22.85
21.91
22.86
23.32
19.77
21.36
21.79
19.71
19.21
21.28
22.43
21.00
20.24
21.12
20.45
22.10
20.43
21.64
19.61
21.65
18.89
21.30
20.95
20.78
20.22
19.84
20.52
19.47
19.54
18.85
20.01
19.90
22.69
19.97
20.63
19.99
19.78
21.12
20.72
21.64
20.11
19.52
19.93
20.55
20.61
19.19
20.53
18.96
20.77
21.19
20.18
21.40
20.59
21.37
20.04
21.44
21.73
20.47
20.39
20.20
21.74
20.17
19.80
20.49
21.30
20.35
20.03
20.63
19.94
20.91
22.40
21.93
20.05
21.12
20.54
18.89
20.08
21.03
19.88
20.66
20.11
19.47
22.10
19.85
19.96
20.72
19.91
20.14
20.65
19.67
18.83
20.12
20.08
21.10
19.72
20.54
19.97
21.12
23.23
21.00
20.80
19.68
19.76
19.88
20.10
20.68
20.73
21.18
19.35
22.31
20.92
20.74
20.54
20.34
22.04
18.95
19.69
20.34
19.27
20.66
19.06
22.74
19.70
20.79
20.44
20.38
19.96
19.72
20.14
20.66
20.21
20.80
20.57
20.60
20.61
19.80
19.96
19.60
20.94
19.67
20.83
19.82
19.34
20.51
19.68
19.00
20.27
22.34
20.66
20.81
30.89
20.93
19.58
38.09
20.14
20.62
21.08
20.02
20.71
20.51
21.45
20.07
20.06
20.05
19.94
20.07
20.58
20.60
19.97
19.61
21.84
35.27
20.27
21.53
19.75
20.29
20.35
20.08
20.73
35.04
22.51
20.42
21.22
20.52
20.11
22.03
20.57
20.85
47.81
20.95
22.02
21.23
3020.32
19.98
19.83
19.50
20.11
19.76
20.47
20.87
19.91
19.92
20.01
19.54
20.38
19.87
20.65
19.79
19.77
20.07
20.04
19.66
20.36
19.97
20.01
19.36
20.05
21.38
20.24
20.28
21.11
20.22
21.79
19.50
19.59
21.45
20.90
20.11
19.79
20.60
19.61
20.35
19.92
20.65
20.75
21.66
19.76
21.10
23.12
22.05
21.56
21.26
20.59
19.63
20.74
20.94
22.23
22.29
23.14
22.19
20.74
20.43
21.53
19.88
20.52
23.63
20.00
20.58
20.52
20.71
21.32
20.09
20.17
19.48
20.02
20.95
20.32
21.62
20.80
20.25
19.36
19.51
20.19
22.23
21.08
19.21
21.29
20.62
21.36
20.30
22.28
22.11
21.46
19.19
20.58
92.16
20.62
21.72
21.06
20.27
19.00
20.09
19.69
20.66
21.12
21.71
21.22
19.01
20.14
20.42
20.65
20.91
19.22
20.86
20.49
19.98
26.82
21.12
20.43
20.62
19.78
20.99
20.73
20.95
19.62
20.04
19.69
20.40
21.31
20.19
21.48
21.05
19.83
22.90
20.24
20.09
21.10
19.48
21.37
19.55
19.75
22.51
21.29
19.90
20.63
19.84
319.96
20.73
18.67
20.56
19.10
20.44
20.34
19.21
20.18
20.55
20.01
20.03
20.86
19.74
20.99
20.36
19.67
19.33
19.81
21.61
20.42
20.44
19.55
19.74
20.79
20.10
19.76
19.68
22.05
32.73
20.09
24.22
19.58
22.22
21.04
19.72
19.85
20.20
19.66
19.95
19.75
19.58
19.73
20.55
21.30
20.58
21.01
20.86
21.15
19.92
20.35
19.80
20.61
20.52
20.73
19.94
21.82
21.14
28.41
20.83
19.23
19.89
19.48
20.00
21.57
20.91
19.41
19.63
20.09
19.71
20.29
20.84
21.82
19.89
18.78
19.91
22.28
22.84
21.06
20.11
20.26
20.75
19.70
21.21
20.67
19.77
21.91
22.30
33.05
22.03
22.42
31.46
22.28
20.11
20.17
19.70
21.52
20.18
21.67
21.48
20.82
319.58
19.88
20.31
21.82
19.91
318.98
19.87
19.61
19.45
21.36
320.14
19.43
19.70
19.83
340.14
20.86
21.14
20.04
335.90
20.07
19.88
40.88
3321.73
20.98
19.86
22.22
320.23
20.69
20.44
19.46
19.89
320.73
19.99
22.17
19.91
23.06
22.64
21.49
21.60
19.85
21.09
24.59
19.82
20.51
21.00
20.88
21.82
21.09
22.50
20.36
22.22
23.40
19.55
19.12
21.94
22.35
22.39
20.65
23.05
21.24
22.76
21.73
21.28
21.63
24.25
21.49
22.49
19.84
21.09
21.97
19.88
20.39
19.76
21.60
21.38
21.42
20.63
18.99
22.76
19.88
21.75
20.42
20.89
20.95
20.74
19.04
20.93
19.21
23.40
20.59
20.12
22.20
22.38
22.32
23.70
21.54
20.84
3020.44
19.95
19.84
19.12
21.81
19.66
20.90
20.42
20.91
22.18
20.15
19.86
21.49
20.77
20.18
20.04
20.68
21.20
20.77
20.84
44.81
22.64
19.67
20.19
22.04
20.60
20.56
20.32
53.66
21.09
22.67
23.29
23.75
21.52
19.04
21.28
44.53
23.11
22.43
20.67
20.85
21.95
20.02
20.41
42.17
20.81
20.22
26.19
26.47
21.84
21.18
42.05
3021.68
20.20
20.78
20.60
20.54
20.63
21.27
19.72
19.83
21.13
20.53
20.29
21.93
19.22
20.98
22.70
19.53
20.42
21.04
19.02
19.52
20.62
20.48
19.37
19.79
20.60
19.67
20.76
19.69
19.20
20.49
21.43
20.65
19.68
20.71
20.35
20.08
19.58
19.19
20.15
20.88
20.28
19.73
19.88
21.42
22.36
22.94
21.95
22.52
22.13
19.98
20.06
20.61
19.68
20.46
20.56
20.76
20.15
21.15
20.04
18.91
19.57
19.84
20.77
20.77
20.71
19.96
19.88
19.86
19.47
19.66
19.88
19.39
20.02
20.16
20.84
20.07
19.56
19.73
20.55
22.06
24.15
19.78
19.28
18.98
19.45
20.46
19.69
19.71
19.90
19.62
20.15
19.65
20.90
19.54
20.56
21.87
23.33
19.76
20.52
24.48
20.47
20.85
19.14
19.83
20.12
20.70
19.88
21.13
20.19
20.55
20.45
19.73
20.94
20.38
19.72
19.90
20.01
19.93
19.54
20.07
19.80
20.42
20.55
19.77
19.55
19.84
19.43
20.41
19.97
19.85
20.72
20.42
19.68
19.96
19.76
19.57
21.24
20.59
21.07
20.14
20.51
20.03
20.58
21.21
21.39
18.65
20.80
20.95
20.13
20.93
319.77
21.25
20.50
21.43
20.89
22.18
21.39
20.79
20.05
21.42
24.23
23.55
19.90
22.92
20.18
19.71
21.35
19.75
19.88
19.83
19.87
21.33
19.14
20.60
21.45
39.63
20.30
21.04
41.82
34.98
37.08
22.68
19.48
20.41
19.69
24.60
20.74
21.55
20.42
20.77
20.40
21.63
20.64
20.79
19.14
19.84
21.18
21.20
20.14
116.83
19.76
23.68
21.12
25.53
20.26
21.01
21.69
20.94
19.64
21.58
20.24
20.91
20.65
19.65
3021.93
20.73
20.87
19.64
20.00
20.71
20.10
20.94
19.33
21.75
21.26
20.42
20.30
22.97
20.69
21.22
21.13
21.08
20.95
21.39
19.61
21.29
20.68
21.21
19.91
19.98
21.53
23.35
20.57
20.31
20.71
22.75
24.58
21.86
23.91
32.13
23.79
21.24
20.91
20.78
20.67
20.42
20.17
20.59
20.14
20.61
19.91
21.45
24.03
22.61
20.14
20.80
20.14
21.09
21.73
22.92
19.80
20.66
19.67
20.45
20.00
20.72
21.23
19.85
19.77
20.60
20.06
19.64
19.86
21.46
20.06
21.55
19.57
22.25
18.91
20.19
21.77
19.35
20.75
20.26
20.36
20.39
20.42
21.15
20.63
19.19
38.99
20.02
20.64
38.35
19.06
19.32
21.18
20.92
20.16
20.26
21.23
19.92
20.09
18.82
21.12
21.83
22.69
20.65
19.86
19.98
20.62
20.76
21.00
23.00
19.80
20.19
20.13
19.74
19.53
19.94
20.74
19.90
21.00
20.38
19.42
21.79
24.76
20.17
20.26
20.08
19.75
20.67
20.67
19.39
20.02
20.02
19.86
19.91
19.45
20.57
19.22
21.39
20.11
20.53
20.97
19.55
19.28
20.16
20.86
19.09
20.06
20.82
19.42
19.61
22.31
20.71
39.54
24.54
19.93
20.81
21.57
20.03
19.90
20.08
19.70
19.77
34.86
20.48
20.34
19.66
21.32
20.70
21.21
44.06
35.92
19.27
20.12
20.31
20.39
20.08
19.67
41.01
27.24
19.25
20.05
19.98
20.09
20.82
19.70
20.69
20.13
32.51
19.94
20.41
19.94
19.94
19.63
19.54
20.95
40.08
27.09
20.83
19.18
20.94
21.32
20.91
19.56
19.86
41.16
21.75
21.42
22.39
21.35
19.17
19.34
20.99
19.75
35.93
20.45
21.26
21.13
23.18
20.62
22.43
20.13
40.53
21.02
20.71
20.05
20.50
20.97
22.74
19.59
20.03
48.47
24.63
22.02
19.53
20.93
20.58
23.58
41.76
24.32
19.94
19.90
19.92
20.76
20.13
20.81
42.86
25.84
21.25
20.51
22.84
20.51
20.74
22.89
38.65
26.52
20.30
22.04
21.19
20.41
22.67
20.82
19.70
46.82
22.52
24.62
20.79
20.58
19.55
19.77
36.00
25.10
20.26
21.01
20.65
19.80
20.25
24.10
19.15
19.39
19.58
20.06
22.35
20.71
21.47
20.00
22.51
20.04
20.32
20.00
19.86
20.66
20.40
19.72
20.06
20.73
20.11
20.27
20.32
24.46
22.49
19.84
18.72
22.58
20.40
20.11
20.55
20.45
20.09
19.77
19.75
20.54
19.92
20.45
19.94
19.59
20.84
19.99
20.01
20.78
21.30
22.77
21.16
20.54
20.74
20.53
21.27
20.82
21.25
22.66
22.46
24.44
20.16
20.03
19.51
20.66
19.54
21.21
19.82
20.05
21.07
19.83
20.54
22.61
20.67
21.13
20.73
20.19
20.65
20.84
22.23
19.84
19.59
20.53
20.46
19.94
19.70
19.88
20.32
19.89
19.94
21.36
20.67
20.00
19.88
20.53
20.64
20.54
20.83
20.24
19.23
19.54
21.52
21.22
19.71
19.36
20.86
20.15
21.37
19.94
19.36
19.99
21.36
19.64
20.42
22.38
21.86
20.74
18.97
18.91
19.73
20.38
21.28
20.01
20.02
19.50
19.73
19.64
21.50
21.75
19.03
18.73
19.84
20.84
20.30
21.03
19.98
19.76
20.71
19.98
18.85
19.63
20.39
20.11
19.75
21.54
22.16
19.81
20.06
22.92
20.18
19.71
19.89
21.74
21.07
85.87
24.18
30.30
37.74
22.69
20.38
21.57
29.28
20.07
22.37
19.36
20.00
20.59
19.62
20.98
20.80
19.71
20.85
20.25
20.70
20.40
20.14
19.44
19.82
19.93
19.27
19.66
20.78
19.64
20.27
20.09
20.56
19.96
20.47
18.98
19.46
19.39
20.44
20.76
19.45
21.16
19.38
21.14
21.27
21.00
25.18
32.28
32.74
33.46
20.97
20.58
23.18
20.94
19.75
20.85
19.97
20.42
46.23
21.44
20.60
20.65
20.63
19.64
20.89
20.59
20.09
20.12
19.90
19.98
19.87
19.88
21.14
20.18
20.86
19.80
20.10
19.80
22.22
21.51
22.69
21.19
20.66
19.63
19.90
19.20
20.20
19.43
19.25
20.63
21.15
21.56
23.32
24.46
33.75
34.24
23.39
20.09
20.54
22.03
19.66
20.10
23.00
22.31
22.22
21.85
20.41
20.10
21.99
19.75
20.40
19.60
21.07
21.91
21.74
20.27
20.31
24.03
20.83
21.58
20.94
21.37
19.02
21.26
21.01
20.57
19.92
20.33
319.11
20.08
19.89
19.34
22.83
319.57
20.65
20.66
19.75
19.96
20.49
19.60
19.93
20.18
20.46
19.51
21.65
21.96
18.94
21.29
20.43
21.44
21.22
19.75
20.43
19.80
20.42
20.84
20.78
20.20
20.41
19.57
20.11
19.95
20.69
19.12
19.80
21.13
21.05
20.65
19.68
39.56
21.44
19.04
38.74
21.08
21.18
21.73
21.24
321.26
19.11
19.60
19.48
20.93
18.76
20.83
18.60
20.76
21.39
21.09
18.94
18.98
20.88
19.98
20.04
19.86
19.76
20.42
20.96
21.02
20.20
24.36
39.36
38.91
48.65
32.23
22.51
19.91
21.68
21.03
20.92
20.85
20.33
21.50
22.88
23.93
27.58
27.41
22.68
21.64
20.26
19.80
20.21
19.25
20.62
20.73
20.83
23.43
21.21
22.16
19.98
20.29
21.47
19.71
19.49
21.23
20.44
20.17
20.75
19.80
20.07
20.58
19.98
20.44
20.57
20.40
20.44
21.52
21.14
20.69
20.62
21.70
21.03
19.50
20.61
20.65
20.33
20.77
19.02
20.44
20.07
24.29
19.97
19.68
20.15
20.31
20.44
19.97
20.06
19.35
20.61
20.42
19.82
19.94
19.71
21.41
19.98
21.14
21.15
20.75
20.54
20.11
20.16
19.69
19.37
19.59
20.52
20.97
20.39
20.75
19.37
20.25
19.70
18.74
19.68
19.98
19.61
20.39
19.94
20.72
20.16
20.80
19.60
19.48
20.61
20.21
19.57
21.21
20.95
19.47
19.88
19.30
19.24
20.68
20.71
18.70
19.66
19.92
20.18
19.98
20.48
19.73
20.20
19.40
19.81
19.72
20.74
20.27
19.91
20.71
19.43
21.09
21.27
20.53
22.26
19.34
19.84
19.98
20.43
20.18
19.95
19.49
20.54
20.77
19.94
21.83
19.60
19.95
20.90
20.13
19.69
20.29
20.22
19.81
20.33
21.67
19.71
19.65
20.57
20.95
20.67
20.48
20.15
21.40
21.27
20.77
20.06
20.98
21.01
43.12
24.05
20.96
18.63
20.51
19.39
20.00
19.90
20.30
45.07
19.97
19.63
20.41
20.47
19.78
20.81
20.95
18.94
40.07
19.74
20.34
20.75
20.38
20.58
20.30
18.74
36.91
23.44
20.78
20.99
20.15
20.54
19.60
20.23
19.56
44.55
117.14
29.79
40.12
23.32
21.16
20.74
19.54
20.61
19.64
20.74
20.00
59.10
20.93
20.17
20.49
20.56
20.84
20.52
19.97
39.23
20.83
20.72
20.36
19.99
19.86
21.29
19.89
35.48
23.41
19.57
20.69
18.81
20.26
19.73
19.60
19.91
36.79
27.32
20.59
20.43
19.84
19.78
19.48
20.05
45.04
34.63
18.97
20.20
20.83
20.35
19.89
20.14
20.29
41.42
19.27
20.24
23.45
21.71
19.72
21.08
20.48
47.79
19.82
20.01
20.08
20.62
20.09
20.30
23.85
37.88
24.21
20.70
19.83
19.94
20.38
20.21
20.76
19.93
35.79
22.01
21.39
22.95
19.93
21.06
20.89
18.91
20.23
19.08
21.87
20.59
19.82
19.84
20.16
21.44
20.48
20.83
20.26
20.08
19.82
20.65
19.98
20.44
20.80
20.73
30.67
43.53
36.62
27.76
20.69
20.14
19.79
19.14
18.83
19.83
20.02
21.59
19.16
20.85
19.29
19.02
20.42
19.60
20.04
20.30
20.48
20.59
20.48
19.77
19.83
19.52
21.74
20.38
19.88
20.29
20.44
20.36
19.90
20.32
19.38
20.02
19.68
20.52
20.35
18.82
19.83
19.92
19.79
20.42
21.45
20.01
19.97
21.11
19.80
21.68
19.78
20.94
20.65
19.27
20.29
35.82
21.01
19.75
38.39
21.39
20.53
20.89
19.86
18.80
21.32
21.21
20.38
20.06
22.02
19.55
20.29
20.83
20.12
20.61
19.48
21.09
20.65
20.50
20.09
20.34
20.56
20.58
20.41
21.18
21.54
20.63
19.58
20.61
21.38
20.64
19.71
20.08
20.59
21.61
24.86
22.65
21.24
20.97
20.45
21.07
20.11
20.42
20.92
19.68
21.61
20.16
20.00
20.66
20.47
20.09
20.80
20.24
20.42
20.17
21.40
19.33
21.58
20.83
19.05
20.92
21.20
20.35
20.13
19.58
19.97
20.30
20.32
20.55
20.32
20.20
19.75
20.12
21.24
21.10
20.78
20.97
20.59
19.52
20.59
21.98
21.24
18.93
20.72
20.12
21.52
20.04
19.59
20.03
20.52
20.78
20.69
20.25
19.77
19.95
20.29
20.75
20.26
21.24
20.76
21.27
20.53
20.40
20.01
20.33
19.50
19.91
19.67
19.42
21.36
19.09
19.18
20.69
21.42
20.97
20.70
19.08
18.76
22.04
20.68
19.85
20.45
20.15
21.13
20.46
21.31
19.98
19.18
19.51
21.28
21.70
20.62
20.28
19.71
20.75
23.07
19.26
18.94
20.02
19.83
22.35
22.32
19.88
20.55
20.18
19.75
319.42
19.39
21.14
20.06
25.12
21.01
20.90
20.08
20.42
20.07
19.97
19.92
20.53
20.06
21.11
21.01
20.92
20.53
20.78
20.89
19.73
20.89
20.07
20.73
20.73
20.17
19.68
19.75
19.33
19.22
23.59
31.83
27.77
24.27
19.96
21.28
19.95
21.93
19.89
20.66
21.50
20.00
22.76
21.12
20.58
321.01
19.64
20.96
20.71
20.88
21.05
3021.50
20.77
35.36
18.65
19.69
19.66
20.29
20.06
21.07
23.67
18.60
20.66
19.58
20.23
19.71
20.86
19.81
19.54
20.68
19.99
20.69
20.26
21.20
20.55
22.37
20.26
21.50
19.55
20.49
24.62
20.59
19.78
19.98
20.41
19.66
19.25
20.81
20.35
19.97
20.09
20.30
20.21
20.54
20.81
21.54
20.25
19.94
21.44
20.90
22.09
20.57
20.25
19.85
20.43
20.56
20.78
19.70
20.51
19.86
19.98
21.12
20.35
20.58
19.44
20.38
19.73
19.59
19.83
19.73
20.71
20.11
20.27
20.99
20.34
319.77
21.03
19.83
20.72
18.87
321.23
19.48
20.37
20.39
19.73
319.23
20.64
26.22
20.75
20.46
44.16
19.88
19.56
20.81
20.90
19.72
20.05
19.75
319.51
19.96
19.44
20.76
20.77
320.42
19.59
19.88
19.98
20.50
319.42
19.86
20.69
20.00
20.03
37.10
24.55
21.09
20.58
20.14
20.70
19.84
19.85
321.23
20.02
20.69
21.59
19.05
320.28
21.09
21.94
19.45
19.74
320.72
19.63
21.30
21.57
19.92
20.20
3023.51
19.67
20.32
21.15
20.61
22.67
19.67
21.10
19.72
20.95
20.76
19.87
22.58
20.12
22.23
20.21
22.31
19.95
22.34
20.13
21.02
23.87
24.02
22.00
21.66
20.84
18.84
21.28
22.58
22.55
19.40
21.19
19.97
20.84
21.85
19.79
20.64
20.74
19.67
21.48
19.97
20.96
23.74
20.87
20.03
20.70
20.36
19.40
22.62
21.33
19.92
24.42
21.54
23.54
20.35
22.87
21.63
19.43
20.25
20.87
20.40
21.36
21.86
20.64
19.87
20.81
20.80
19.45
19.95
19.56
20.83
19.75
20.45
21.26
20.80
22.46
21.13
25.12
21.28
20.66
20.94
20.05
21.77
20.62
20.94
29.12
21.16
20.88
19.88
20.42
19.86
23.87
26.38
21.01
19.22
19.65
20.76
21.94
20.14
21.57
19.79
20.67
320.22
19.81
22.49
21.79
19.53
22.18
20.19
24.69
27.91
31.48
60.88
23.61
23.30
20.02
20.05
22.09
21.14
20.56
20.02
18.66
3022.58
43.52
27.04
20.53
19.59
20.28
20.12
19.72
19.88
3020.39
19.73
20.17
19.78
20.71
20.56
21.34
20.24
20.42
19.67
20.44
20.57
21.34
19.84
19.84
20.89
21.22
21.17
21.28
21.91
21.71
20.83
21.22
20.37
20.39
20.07
22.25
22.87
22.16
20.97
20.28
21.74
21.27
21.50
22.41
21.60
21.08
20.98
19.64
19.99
21.43
20.60
19.35
21.10
20.09
18.76
19.63
20.92
20.00
21.04
20.31
20.35
20.67
21.98
23.45
22.18
20.74
21.29
28.05
21.20
19.74
20.18
19.90
21.47
20.72
20.99
20.77
19.43
20.02
20.16
19.94
20.53
19.86
19.00
21.09
20.03
20.29
19.48
21.47
20.21
22.43
19.93
20.15
21.10
20.23
21.15
19.83
20.16
21.86
21.07
21.04
22.09
19.89
19.61
20.09
19.75
18.86
21.32
20.26
21.38
19.91
20.84
21.21
22.03
23.58
25.13
21.54
21.04
20.34
21.63
20.63
21.70
20.05
23.37
21.35
20.87
20.72
21.03
19.62
19.99
19.26
20.05
22.34
24.13
19.95
21.72
20.22
20.79
20.21
24.85
18.89
21.78
20.71
20.71
20.67
22.22
22.48
26.41
31.13
26.65
49.35
30.97
24.64
320.53
19.37
20.18
21.41
20.67
20.94
29.72
20.97
20.67
20.74
21.10
20.04
20.11
19.87
20.69
20.59
20.81
20.50
20.13
24.78
19.20
20.77
19.55
20.67
20.15
18.72
19.65
20.62
19.86
20.23
20.60
20.54
21.43
20.99
20.29
20.98
19.68
19.63
22.14
20.59
21.13
19.88
20.09
20.30
20.76
20.09
21.94
21.46
20.40
19.87
20.75
20.20
20.02
19.62
20.80
20.60
20.31
23.67
24.86
24.73
19.60
20.21
20.39
20.55
20.36
45.26
21.31
20.10
20.86
20.52
19.67
19.36
18.55
42.29
24.02
22.09
19.45
20.28
21.89
19.66
19.99
18.97
35.20
20.48
24.78
22.11
20.83
20.29
18.69
19.82
42.36
19.39
22.16
19.92
19.94
20.44
19.44
19.51
19.61
39.97
20.58
20.12
20.76
20.58
21.00
20.73
20.31
21.00
33.94
19.99
20.31
20.45
20.83
22.95
19.86
20.77
44.21
20.38
19.93
22.00
20.15
20.24
19.72
19.61
20.59
44.11
20.86
20.69
24.21
19.23
21.01
20.60
42.31
25.51
19.59
19.15
19.70
19.08
19.76
20.67
19.81
19.72
47.77
19.80
19.75
19.87
19.42
19.33
19.94
19.76
43.50
21.75
19.68
20.23
19.65
19.70
20.00
19.02
40.95
25.76
21.15
21.71
21.99
22.36
19.59
21.51
42.90
27.68
20.74
21.17
19.58
19.79
19.78
20.56
44.02
32.05
20.40
20.67
18.91
20.07
20.16
19.57
29.72
27.49
19.72
20.39
19.53
19.19
19.74
20.19
18.84
21.69
20.07
18.55
3321.80
40.11